[255 255 255 255 255 255 255 255 255 255 255 255 255 255 255 255 255 255 255 255 255 255 255 255 255 255 255 255]
 [255 255 255 255 255 255 255 255 255 255 255 255 255 255 255 255 255 255 255 255 255 255 255 255 255 255 255 255]
 [255 255 255 255 255 255 255 255 255 255 255 255 255 255 255 255 255 255 255 255 255 255 255 255 255 255 255 255]
 [255 255 255 255 255 255 255 255 255 255 255 255 255 255 255 255 255 255 255 255 255 255 255 255 255 255 255 255]
 [255 255 255 255 255 255 255 255 255 255 255 255 255 255 255 255 255 255 255 255 255 255 255 255 255 255 255 255]
 [254 255 255 255 255 255 255 255 255 255 255 255 255 255 255 255 255 255 255 255 255 255 255 255 255 255 255 255]
 [251 255 255 255 255 255 255 255 255 255 255 255 255 255 255 255 255 255 255 255 255 255 255 255 255 255 255 255]
 [251 255 255 255 255 255 255 255 255 255 255 255 255   0   0   0   0   0  0 255 255 255 255 255 255 255 255 255]
 [251 255 255 255 255 255 255 255 255 255 255   0   0 255 255 255 255 255   0   0   0 255 255 255 255 255 255 255]
 [251 255 255 255 255 255 255 255 255 255 255 255   0 255 255 255 255 255 255 255   0   0 255 255 255 255 255 255]
 [251 255 255 255 255 255 255 255 255 255 255   0   0 255 255 255 255 255 255 255 255   0 255 255 255 255 255 255]
 [251 255 255 255 255 255 255 255 255 255 255   0 255 255 255 255 255 255 255 255 255   0 255 255 255 255 255 255]
 [251 255 255 255 255 255 255 255 255 255 255   0 255 255 255 255 255 255 255 255 255   0 255 255 255 255 255 255]
 [251 255 255 255 255 255 255 255 255 255 255   0 255 255 255 255 255 255  255 255 255   0 255 255 255 255 255 255]
 [251 255 255 255 255 255 255 255 255 255 255   0 255 255 255 255 255 255 255 255 255   0 255 255 255 255 255 255]
 [254 251 255 255 255 255 255 255 255 255 255 255   0 255 255 255 255 255  255   0   0 255 255 255 255 255 255 255]
 [255 249 255 255 255 255 255 255 255 255 255 255   0 255 255 255   0   0    0   0 255 255 255 255 255 255 255 255]
 [255 247 255 255 255 255 255 255 255 255 255 255   0   0   0   0 255 255  255 255 255 255 255 255 255 255 255 255]
 [255 248 255 255 255 255 255 255 255 255 255 255 255 255 255 255 255 255  255 255 255 255 255 255 255 255 255 255]
 [255 245 255 255 255 255 255 255 255 255 255 255 255 255 255 255 255 255  255 255 255 255 255 255 255 255 255 255]
 [255 243 255 255 255 255 255 255 255 255 255 255 255 255 255 255 255 255  255 255 255 255 255 255 255 255 255 255]
 [255 243 255 255 255 255 255 255 255 255 255 255 255 255 255 255 255 255  255 255 255 255 255 255 255 255 255 255]
 [255 246 255 255 255 255 255 255 255 255 255 255 255 255 255 255 255 255  255 255 255 255 255 255 255 255 255 255]
 [255 250 255 255 255 255 255 255 255 255 255 255 255 255 255 255 255 255  255 255 255 255 255 255 255 255 255 255]
 [252 251 255 255 255 255 255 255 255 255 255 255 255 255 255 255 255 255  255 255 255 255 255 255 255 255 255 255]
 [249 251 255 255 255 255 255 255 255 255 255 255 255 255 255 255 255 255  255 255 255 255 255 255 255 255 255 255]
 [254 241 255 255 255 255 255 255 255 255 255 255 255 255 255 255 255 255  255 255 255 255 255 255 255 255 255 255]
 [255 218 255 255 255 255 255 255 255 255 255 255 255 255 255 255 255 255  255 255 255 255 255 255 255 255 255 255]]